40.741631 -74.004839 40.740485 -74.002040 YES
40.810452 -73.961943 40.809336 -73.959288 YES
40.809391 -73.959264 40.810511 -73.961935 YES
40.809970 -73.962403 40.810493 -73.962022 NO
40.810511 -73.961938 40.810574 -73.961863 NO
40.810574 -73.961863 40.811127 -73.961453 YES
40.811127 -73.961453 40.810725 -73.960493 NO
40.810725 -73.960493 40.810003 -73.958787 YES
40.810003 -73.958787 40.809385 -73.959254 YES
40.810462 -73.961950 40.806674 -73.964733 YES
40.809926 -73.962413 40.809324 -73.962849 NO
40.809296 -73.962870 40.808828 -73.963203 NO
40.808815 -73.963211 40.808014 -73.963841 NO
40.807985 -73.963862 40.807333 -73.964313 NO
40.807304 -73.964332 40.806689 -73.964768 NO
40.806752 -73.964930 40.807363 -73.964478 NO 
40.806767 -73.964968 40.807379 -73.964515 YES
40.807391 -73.964458 40.808037 -73.964000 NO
40.807407 -73.964495 40.808052 -73.964038 YES
40.808065 -73.963980 40.808882 -73.963376 NO
40.808081 -73.964017 40.808246 -73.963895 NO
40.808246 -73.963895 40.808737 -73.963530 YES
40.808737 -73.963530 40.808896 -73.963413 NO
40.808894 -73.963366 40.809369 -73.963040 NO
40.808909 -73.963403 40.810019 -73.962605 YES
40.809397 -73.963021 40.809995 -73.962575 NO
40.810022 -73.962555 40.810561 -73.962162 NO
40.810032 -73.962597 40.810573 -73.962201 YES
40.807596 -73.960537 40.809338 -73.959262 YES
40.809323 -73.959224 40.809217 -73.959302 YES
40.809217 -73.959302 40.809030 -73.959436 NO
40.809030 -73.959436 40.808763 -73.959626 YES
40.808736 -73.959647 40.808126 -73.960078 YES
40.808098 -73.960099 40.807582 -73.960481 YES
40.807582 -73.960481 40.807593 -73.960517 NO
